36
68 126
49 209
15 1642
55 3100
54 3292
73 3553
96 3925
24 4260
49 5760
72 5935
27 6071
90 6247
84 8058
73 8372
8 10119
90 11920
26 12111
71 12246
27 14340
26 14415
79 16636
44 16759
89 16957
76 19458
33 21861
44 21975
19 22070
14 22140
66 25316
12 25444
86 25543
42 30306
25 30463
21 36931
93 37074
60 37239
33
15 96
15 127
15 183
11 1583
15 1607
12 1655
12 3433
20 5300
14 7175
11 9017
7 10812
5 10839
5 10840
10 10856
20 11981
67 12079
47 12324
87 13683
10 13862
14 13900
78 15688
84 15905
76 16073
4 18843
97 18982
91 19092
23 23263
68 27655
81 31883
38 36180
41 40508
61 44925
20 45008
39
49 123
54 1394
6 2622
88 2847
6 2938
35 2990
52 4649
9 6324
82 7980
26 9619
43 11267
37 12908
63 14755
11 16637
11 16689
94 17443
10 18189
1 18919
85 19659
16 19742
40 20597
71 21443
53 22329
52 23178
28 24066
67 24916
70 26806
67 28570
59 30465
59 32240
65 34206
72 36157
69 38075
77 40058
77 41957
67 43893
58 45871
56 47763
63 49874
39
60 91
64 1299
72 2506
69 2542
59 2854
67 2940
69 4243
74 4495
76 4703
66 6211
58 6384
56 6587
63 8157
58 8183
60 8375
60 9945
50 9995
48 10162
54 11891
49 11988
48 13885
45 14045
40 14059
42 14168
37 16497
35 16549
41 19031
43 19049
40 19149
44 22225
38 25099
46 25161
52 25254
54 29067
50 33241
55 33252
51 33280
41 41125
44 49611
37
83 156
88 1412
94 1466
89 1791
97 3247
100 3436
100 3564
98 5015
91 5170
94 5458
95 6954
88 8578
85 10138
82 11716
81 11904
82 12034
81 13792
74 13824
78 13972
79 15935
75 16115
79 16328
85 18496
84 18585
77 18886
75 21319
76 23710
70 26232
63 26248
72 29203
64 32054
63 35010
68 35220
61 35255
60 39725
61 39935
57 39943
37
56 100
59 1834
27 3574
81 3733
24 3852
24 3899
6 6774
32 10015
92 13226
11 16521
10 16524
2 16565
1 16567
9 17333
18 17351
13 17367
15 18441
20 19487
26 19512
28 20804
24 20905
18 20918
19 20970
11 22977
7 22987
6 22999
1 25356
1 25357
2 25360
11 28388
10 28406
17 28448
18 32640
18 32659
14 32721
21 40912
27 49283
2
100 10
50 200
1
10 15
2
10 100
100 280
33
79 149
81 975
75 1121
78 1226
71 2391
70 2446
62 2456
67 4306
67 4518
76 8116
56 9076
77 9329
81 9637
52 9711
91 9876
44 11158
21 11215
82 11365
11 12966
92 13195
82 13263
10 15446
63 15550
57 18619
67 21733
65 21886
30 22084
16 26374
45 26434
95 26614
99 34301
17 34478
23 34502
38
62 136
84 1361
69 2542
29 3746
36 4942
63 6120
54 7411
71 8608
34 9853
36 11179
86 12515
50 13879
35 15215
37 16547
43 17282
26 17981
58 18068
18 18895
43 18961
85 19927
18 20864
49 21798
15 22843
12 23884
4 24889
13 26722
21 28470
15 30246
23 32041
24 34004
31 35878
34 37794
24 39635
19 41707
15 43597
20 45586
16 47698
10 49784
38
91 179
91 1471
90 2755
81 4036
87 4107
91 4515
95 4802
93 5146
86 5422
76 5828
77 5830
69 6097
72 7630
67 7692
62 7894
53 9599
49 9621
40 9679
46 11690
51 11718
55 13793
51 13881
46 13940
36 16240
40 16276
35 16309
33 18960
38 21763
28 21877
34 24819
43 24992
46 25142
53 25319
45 25497
45 25501
41 32947
41 33093
42 33126
38
27 28
26 1333
32 1430
32 1497
30 1527
20 2928
16 2942
18 4427
27 4513
17 6058
17 7536
12 7604
6 7629
15 9273
9 10962
17 10981
20 11027
23 12748
26 12758
25 12777
26 14645
23 14710
16 16702
9 18712
9 18739
10 18747
2 21168
5 21177
4 21183
1 21193
7 24714
12 24733
16 24744
9 24773
15 30662
11 30680
10 30685
15 49797
2
10 100
100 270
3
100 150
10 360
40 440
40
38 106
28 152
29 1430
31 2765
28 4027
34 5298
40 6636
31 8022
36 9377
44 9410
40 11133
47 12890
46 14723
54 16592
67 17380
14 18224
73 18387
87 19281
44 20184
94 21134
88 21151
67 22366
12 23593
13 24888
15 26396
7 27851
11 29332
7 29361
1 30974
1 32698
1 34335
1 35979
6 37712
14 39375
12 41077
16 42761
9 44561
12 46334
6 48139
14 49967
39
28 66
31 1237
24 2506
32 3709
25 4969
30 6151
21 7397
11 8639
20 9845
12 11138
19 12480
20 13872
12 15237
20 16572
14 17393
7 18197
10 19033
92 19837
50 20675
98 21492
85 22363
66 23174
90 24071
41 24971
17 26525
86 28038
10 28213
59 29998
69 31755
4 33460
61 35236
65 37030
17 37176
33 39104
64 41195
52 43382
31 45515
55 47712
78 47763
1
15 10
3
100 150
10 360
40 450
38
13 82
96 204
75 1490
35 1642
28 1796
1 1899
92 2112
92 2176
69 3762
53 3850
99 4088
98 5755
1 5951
11 5979
23 6003
42 7793
25 7957
49 8055
16 8245
76 10342
88 12502
73 12786
85 12905
89 13323
76 13618
59 13735
25 13978
76 17208
15 20384
85 20511
57 20596
16 20741
95 25484
15 30218
95 34814
34 34914
23 41725
14 41801
37
71 103
87 270
93 1669
53 1822
79 1952
80 3398
80 4892
15 5064
83 5257
82 5466
83 5762
3 7425
16 7450
24 9165
27 9172
3 10909
50 10969
29 11072
75 11229
74 13352
77 15295
30 15485
56 15569
10 17868
6 17898
84 17998
1 18164
17 21161
32 24057
10 27191
25 27225
99 31001
84 31238
92 35484
81 35626
99 35916
27 49415
39
70 90
61 1331
57 1532
62 1624
65 2889
55 3135
58 3318
64 3584
61 5012
57 6450
58 6452
52 6500
48 8082
52 8197
49 8281
49 9896
49 11564
48 11682
48 11890
48 13750
57 15545
48 17278
47 19070
42 19083
34 19150
37 21218
45 23213
42 25233
50 27469
49 27503
48 29877
48 30028
40 30168
40 30320
31 30499
22 30555
15 36750
14 36762
15 36777
34
100 117
100 298
100 1657
100 2122
90 2144
89 2204
87 3950
81 5647
77 5947
75 7921
75 10099
65 12234
59 12468
54 12599
62 12747
71 14106
63 14220
64 14403
68 15996
73 16050
80 16063
74 16102
65 16160
72 24202
74 26729
79 29066
74 31615
81 34080
80 34164
85 37186
77 40260
85 40527
87 45022
80 50000
2
10 100
100 290
40
5 120
10 210
12 310
10 405
20 700
8 1100
12 1600
13 1803
19 2013
23 2291
18 2498
21 2761
13 2930
18 3194
21 3394
27 3683
31 3903
13 4204
17 4839
21 5032
24 8930
23 12993
31 14093
12 17942
17 19032
21 21394
18 31049
19 34392
23 36093
27 38182
28 41872
21 43013
32 44231
12 45000
9 46000
8 47020
7 47512
9 47803
7 49000
1 50000
37
52 54
46 177
49 339
40 1243
37 2223
35 3165
34 4090
35 4219
36 5649
33 5772
42 6736
45 7748
36 7878
29 7965
28 7992
24 9221
33 9247
32 9265
29 10735
21 12196
29 12228
26 12238
29 12335
36 12391
33 12447
33 16547
40 16597
48 16753
97 20386
78 20654
70 24595
89 24912
10 25120
12 31295
2 31319
15 31344
26 31386
33
46 68
36 121
40 1384
40 2729
38 2885
37 2899
42 4509
46 6190
37 7846
43 9547
51 11243
57 12880
56 13123
62 16316
36 16559
7 16701
17 16723
82 16904
56 17033
7 17189
79 18729
28 18853
92 19030
10 19214
51 19327
58 23018
57 26809
52 30650
60 34195
69 37833
76 41759
77 42084
86 49355
36
98 108
61 231
97 469
3 1830
66 1909
41 2064
46 3562
34 3697
55 5200
38 6714
70 6792
9 7001
77 8756
84 10372
25 10524
35 10591
7 12499
98 12680
41 14710
97 14889
54 16969
37 17008
94 17188
90 19466
73 19667
60 22275
74 22505
68 22519
28 25892
23 25938
16 25999
88 30474
45 30566
17 30701
39 39666
90 49873
32
53 91
80 274
64 1504
25 1630
44 1699
65 3327
42 4861
3 6477
98 6583
92 8463
26 8663
23 11077
65 13711
61 13866
57 14138
61 14276
54 14363
58 15524
60 15598
60 15603
53 17073
60 17230
51 17300
42 19772
38 19861
33 19923
23 24727
13 29476
5 34483
1 39539
4 44309
7 44325
37
10 93
11 119
6 153
6 1568
13 1591
18 2986
19 3064
12 3086
15 3102
21 4676
22 4710
20 4719
13 6473
19 6497
10 6529
15 8495
23 8535
17 10420
11 12391
9 14383
18 14409
17 16586
22 16601
31 16676
25 19131
18 21623
16 21653
8 21711
3 24659
1 24666
5 24674
2 24689
4 24697
1 24708
8 24721
15 24737
8 24759
34
38 136
87 1474
32 2811
30 2916
65 3000
2 3190
29 5361
81 5486
79 5743
63 12153
72 12308
61 13154
81 13346
61 13512
16 14400
59 14489
98 15480
91 15711
47 16775
14 16955
94 17178
57 17514
52 17524
47 17579
94 20969
58 24788
49 24812
39 28350
45 28384
41 28541
49 33736
41 38685
40 38687
46 38844
2
100 100
50 110
39
52 64
64 1332
91 2603
31 2944
8 4264
38 4331
58 4472
94 5832
64 5898
65 5907
5 7403
98 8780
36 9046
14 9181
52 9293
13 9405
25 9443
26 11259
68 11361
61 11572
8 13450
69 13559
69 13749
92 14026
13 16321
79 18622
8 18840
46 21407
55 21610
19 21701
9 24714
28 24755
14 28289
57 28374
84 28541
88 33802
84 39031
19 44175
60 44284
40
10 100
10 200
10 300
10 400
10 500
10 600
10 700
10 800
10 900
10 1000
10 1100
10 1200
10 1300
10 1400
10 1500
10 1600
10 1700
10 1800
10 1900
10 2000
10 2100
10 2200
10 2300
10 2400
10 2500
10 2600
10 2700
10 2800
10 2900
10 3000
10 3100
10 3200
10 3300
10 3400
10 3500
10 3600
10 3700
10 3800
10 3900
10 4000
32
6 19
14 40
6 70
15 1447
16 1453
23 3052
31 3159
37 4991
43 5003
39 5092
30 7882
33 7923
42 8053
33 16150
36 16181
36 16299
27 17381
33 17418
34 17483
38 18839
36 18876
26 18996
23 21970
22 21977
26 25389
25 28659
15 28717
15 32676
21 36894
15 41074
24 45219
27 49877
37
31 61
74 154
24 349
24 1796
76 1901
20 3311
28 4669
87 4796
75 6231
50 7723
7 9155
36 10619
9 12159
46 13597
86 15073
6 15234
56 15377
53 15410
89 17194
87 18981
54 20728
3 20831
40 22765
49 22882
20 23035
80 25139
74 25281
44 27611
96 30059
45 30228
36 33032
84 33217
46 33301
32 33411
39 38777
52 38848
23 49560
0
