8 2 0 1 2
4 5 8 3 2 6 1 2
8 30 435 8 18
8 10 10 7 10 4 10 1
21 2 35
30 7 60
24 15 62
20 30 20
22 30 85
24 26 31
24 1 92
30 25 20
20 29 5
19 17 25
18 25 42
30 5 21
29 16 73
12 23 100
28 26 80
13 8 6
22 8 43
27 28 22
8 10 74
27 26 70
7 3 64
16 26 10
30 3 70
27 5 91
25 15 99
30 1 20
23 17 13
7 13 53
30 19 82
18 15 85
7 18 46
5 8 62
29 9 40
2 28 18
10 28 71
5 13 55
29 11 52
4 17 99
15 21 21
16 4 34
19 22 1
12 2 9
2 19 2
19 21 28
26 1 37
24 7 28
18 3 26
11 4 42
9 15 35
15 12 73
23 15 8
18 23 77
1 3 30
14 27 69
30 13 40
15 10 95
30 17 45
7 19 39
13 15 95
12 7 22
5 19 98
25 23 47
12 19 7
8 16 24
21 23 31
16 9 11
29 23 19
1 9 3
20 25 60
11 14 9
11 10 30
1 15 16
3 11 7
10 2 66
18 14 21
25 27 5
24 17 23
23 26 64
22 11 80
27 10 69
21 8 79
20 24 53
22 17 8
8 28 60
28 4 28
27 17 19
2 17 78
26 30 62
24 27 37
24 25 21
13 10 24
28 3 55
21 27 69
10 16 61
22 6 77
21 30 42
3 13 91
9 14 68
3 6 31
20 10 47
25 6 17
17 18 48
9 12 79
22 13 20
9 17 10
28 6 49
22 9 16
2 30 41
15 3 11
2 22 88
13 9 2
29 22 86
4 30 64
5 23 7
29 26 92
9 18 97
6 4 54
20 8 69
11 18 75
10 9 8
4 9 25
8 27 41
23 11 41
20 6 47
19 10 56
12 24 49
18 10 74
8 19 39
26 14 16
16 13 50
27 1 90
26 5 56
1 16 70
6 13 73
19 26 55
13 1 23
29 12 53
14 13 84
27 9 51
26 17 11
17 20 26
24 14 77
1 23 44
28 24 91
25 21 96
12 5 97
6 7 81
2 15 38
22 23 11
12 11 19
23 7 12
3 4 54
7 17 72
5 14 75
15 14 21
12 4 47
11 1 24
22 16 16
3 10 29
29 27 67
18 22 29
22 14 97
2 1 93
9 30 73
27 20 21
5 4 89
14 12 69
19 13 4
2 14 33
5 21 30
22 20 20
3 27 90
20 5 82
9 6 25
29 5 76
11 5 23
23 16 26
5 3 32
23 27 75
3 19 48
5 2 16
11 16 55
12 25 35
5 6 28
10 22 69
26 6 83
10 24 7
14 28 59
16 5 25
28 21 39
29 24 87
20 9 23
15 17 18
27 11 88
30 8 41
20 14 24
30 14 65
10 5 39
25 22 73
4 29 18
7 21 80
11 26 30
7 16 41
20 3 18
13 29 46
20 21 30
7 4 69
7 25 94
15 16 81
20 4 83
6 29 65
18 1 62
17 8 25
8 1 44
24 4 1
19 23 13
12 26 52
30 28 73
15 11 68
2 18 35
19 24 17
24 21 48
11 21 82
26 4 78
6 12 54
26 25 26
25 19 14
19 29 58
28 9 9
12 1 59
6 16 24
21 6 91
30 23 37
14 10 89
27 13 75
3 25 66
11 13 86
3 16 58
17 29 15
23 9 52
20 11 46
20 2 87
4 2 91
20 16 8
3 12 45
5 28 64
6 10 38
19 20 76
21 29 37
16 28 2
5 9 59
28 15 56
10 25 86
28 25 55
27 22 15
11 19 92
16 18 8
4 27 46
11 24 26
19 9 45
2 16 83
9 25 8
8 3 64
28 1 3
19 4 32
2 26 13
18 5 48
20 23 83
3 24 69
22 24 35
18 30 32
15 8 65
7 20 71
29 25 65
3 23 16
13 26 48
2 11 78
15 30 17
23 28 27
23 4 64
23 10 74
30 24 56
18 19 66
12 16 39
27 18 91
29 1 78
28 17 81
5 22 78
11 30 86
1 21 1
9 21 26
13 20 16
17 6 11
29 7 24
17 5 80
25 1 59
12 30 82
19 14 20
24 18 27
28 7 25
4 25 78
14 8 8
11 6 26
12 22 18
14 4 85
23 24 32
29 15 30
19 16 90
3 9 90
9 11 79
3 21 61
27 15 29
15 5 21
10 17 73
26 15 51
22 4 30
10 12 76
27 7 13
29 30 33
14 6 52
26 9 37
8 12 38
8 2 81
14 17 10
19 15 49
7 15 83
18 29 18
6 24 19
8 18 64
8 7 27
23 2 27
16 14 15
21 17 40
29 10 9
4 1 76
2 29 36
4 18 62
18 13 77
21 13 65
20 28 1
22 15 40
2 24 73
30 16 7
2 13 2
8 9 40
7 2 9
1 20 74
6 19 44
24 9 90
22 3 13
11 17 35
24 16 89
26 8 29
3 17 7
20 26 56
18 12 6
6 30 52
13 25 64
11 25 35
4 21 25
8 6 76
27 2 84
22 21 96
15 4 45
13 17 16
8 23 16
28 18 60
1 22 97
16 17 98
28 12 38
18 20 82
1 7 90
27 12 99
30 27 80
21 26 75
23 14 2
9 7 22
10 30 33
3 29 55
15 20 52
26 7 41
6 18 9
27 16 25
9 2 38
25 5 3
6 27 89
28 29 45
10 4 60
20 12 59
13 28 37
5 1 5
8 25 70
18 21 58
4 8 47
28 19 68
16 21 13
10 21 75
22 26 20
27 19 52
15 6 51
8 24 30
2 25 51
6 2 65
7 22 88
24 13 19
1 6 23
25 16 1
10 1 7
7 11 95
14 7 63
4 13 89
8 11 83
18 26 61
7 10 69
3 26 35
1 19 58
29 8 33
6 23 15
12 21 35
10 26 50
28 22 42
1 14 17
23 13 85
14 29 63
28 11 1
5 7 2
13 12 56
14 3 47
21 14 14
17 12 77
1 17 72
24 5 13
25 14 23
2 3 80
17 25 84
8 30 435 6 3
7 1 7 5 1 7 7 8
26 10 6
12 1 1
6 23 2
29 27 17
24 8 9
21 13 1
9 25 17
6 21 21
1 9 9
21 29 4
27 25 2
1 10 4
10 28 5
2 7 8
15 29 9
11 27 7
13 12 7
8 13 4
27 3 21
20 6 11
26 30 20
20 24 2
18 1 14
2 19 12
28 27 3
6 8 18
1 22 3
20 12 4
19 4 19
20 21 10
2 8 1
17 11 11
5 28 8
9 11 22
19 14 13
5 18 15
2 9 4
23 5 11
14 12 5
1 19 7
21 10 11
20 3 18
27 21 13
4 16 23
26 29 21
7 11 26
3 16 26
6 5 13
22 23 15
9 23 21
22 19 10
8 20 7
3 25 23
24 11 8
26 3 25
25 24 3
18 2 9
16 23 1
29 3 4
22 10 7
29 24 16
13 17 10
21 1 7
12 18 13
13 10 12
9 20 12
24 7 18
4 7 1
16 24 6
27 4 18
3 21 8
16 15 13
19 18 21
29 20 14
29 12 10
12 26 11
14 2 1
21 17 9
24 23 7
14 29 5
10 2 9
18 25 22
28 19 2
6 27 8
19 11 6
28 1 9
9 15 7
6 19 7
13 15 6
20 30 13
17 3 17
17 10 2
13 27 14
17 25 6
21 5 8
30 3 5
20 15 5
14 28 15
27 23 6
23 14 18
11 5 12
15 6 16
30 7 3
21 24 12
4 21 5
26 28 1
16 21 18
17 1 2
6 7 27
25 19 1
30 27 16
24 4 17
1 24 5
7 23 25
6 3 29
12 23 13
27 10 2
26 14 16
16 19 4
25 28 1
12 8 3
23 19 5
20 10 1
6 1 14
12 24 6
5 17 1
11 1 13
16 25 3
26 21 17
15 10 6
1 13 8
20 27 3
9 21 2
6 30 24
27 18 20
16 2 16
10 16 7
28 16 2
4 2 7
10 11 9
16 1 11
3 23 27
5 16 10
18 24 19
21 11 20
17 24 3
24 3 20
2 12 4
16 9 20
19 9 16
30 1 10
18 9 5
10 14 10
15 25 10
12 7 12
1 20 3
16 13 19
24 14 11
6 18 28
8 17 6
2 6 19
3 11 28
24 30 15
15 14 4
9 8 5
19 17 5
25 10 4
22 7 10
5 30 11
11 12 14
21 30 3
11 20 10
28 20 6
4 29 1
16 30 21
7 5 14
14 13 2
10 7 17
12 9 8
17 28 7
6 16 3
1 2 5
12 25 9
7 26 23
30 25 18
28 24 4
10 30 14
22 4 9
11 29 24
15 12 1
23 18 26
10 18 18
20 19 4
30 8 6
16 14 17
2 23 17
22 21 4
19 7 20
21 14 1
20 2 8
6 4 26
9 22 6
1 5 1
3 22 12
22 27 9
7 13 5
6 9 23
19 13 15
19 26 3
18 30 4
10 29 15
11 30 23
5 26 9
26 2 15
27 16 5
25 5 7
5 2 6
24 10 1
8 23 16
3 12 14
2 29 6
30 22 7
30 14 4
15 17 4
27 8 10
20 25 5
13 18 6
2 3 10
21 23 19
5 10 3
18 3 1
29 8 7
21 18 7
9 30 1
8 15 2
10 3 19
18 20 17
27 2 11
17 30 12
6 22 17
12 17 3
28 29 20
11 13 21
4 13 4
9 13 1
4 3 3
18 14 8
17 29 13
6 29 25
4 14 6
25 4 20
19 27 1
25 14 14
4 5 13
29 5 12
24 13 13
17 27 4
27 5 5
3 8 11
25 13 16
3 28 24
3 1 15
28 11 4
16 12 12
7 3 2
8 1 4
24 22 8
15 21 5
2 22 2
4 9 3
1 14 6
2 17 7
27 26 4
13 26 18
1 25 8
8 18 10
11 2 18
13 22 5
17 22 5
27 9 15
6 28 5
2 28 14
4 20 15
13 20 11
9 26 19
22 26 13
8 25 12
19 5 6
23 28 3
24 9 14
20 22 6
22 15 1
17 9 11
22 8 1
19 8 11
25 6 6
25 22 11
16 20 8
8 5 5
28 8 13
4 8 8
6 10 10
7 27 19
4 10 16
15 28 11
18 22 11
4 17 14
27 15 8
23 10 8
2 24 10
13 28 17
15 30 8
10 19 3
26 17 8
19 21 14
1 23 12
18 28 23
13 3 7
1 26 10
11 4 25
3 19 22
5 15 3
6 13 22
29 1 11
8 26 14
2 13 3
5 3 16
26 11 3
27 1 6
27 24 1
28 21 16
3 14 9
28 30 19
19 12 8
15 26 12
18 11 27
14 6 20
13 29 3
26 6 4
22 5 4
21 12 6
11 8 17
29 22 8
4 28 21
15 4 10
12 28 10
5 20 2
18 29 3
11 23 1
17 20 1
4 12 11
6 11 1
18 4 2
29 16 22
24 5 4
16 26 1
14 7 7
24 26 5
18 16 25
22 11 16
19 29 18
16 7 24
17 16 9
9 5 10
30 23 22
29 25 19
11 16 2
6 17 12
21 7 6
2 25 13
28 9 18
3 15 13
5 12 2
18 17 16
14 27 12
14 5 7
22 12 2
1 7 13
9 10 13
22 28 12
24 6 9
26 23 2
7 8 9
23 25 4
8 16 15
4 26 22
20 23 9
18 7 1
12 27 7
23 15 14
15 24 7
17 7 15
1 15 2
23 4 24
13 5 9
29 23 23
21 8 3
23 13 20
14 17 8
19 30 17
2 30 5
6 12 15
19 24 2
15 19 9
11 15 15
26 18 24
16 22 14
14 22 3
11 14 19
1 4 12
20 26 7
23 17 10
21 2 2
8 14 2
30 29 1
3 9 6
12 30 9
7 9 4
2 15 3
20 14 9
13 30 2
14 9 3
15 18 12
10 8 8
7 25 21
28 7 22
7 15 11
9 29 2
4 30 2
25 11 5
10 12 5
7 29 2
7 20 16
21 25 15
25 26 2
8 30 435 4 7
7 7 7 7 7 7 7 7
28 26 5
5 17 35
24 28 9
1 23 19
24 3 17
2 4 9
10 25 5
16 8 43
6 22 15
8 23 5
26 15 15
3 14 27
23 19 1
4 8 55
13 8 11
22 14 33
12 30 7
14 19 3
26 22 19
25 21 17
28 4 31
24 19 5
6 9 1
16 10 3
12 22 3
29 14 45
25 4 1
7 11 41
30 29 7
18 22 27
23 12 27
13 14 7
2 29 3
16 11 3
9 26 1
15 11 37
8 26 17
20 8 27
9 28 3
25 6 31
3 10 15
3 2 13
29 10 1
29 28 25
10 26 29
25 28 29
30 21 5
13 20 15
17 16 27
20 22 9
15 19 5
24 16 29
21 8 35
1 6 3
1 28 1
23 28 17
12 1 7
14 12 29
3 5 19
5 26 33
7 26 19
1 21 9
20 29 21
1 2 19
20 11 11
28 11 15
15 18 7
26 14 13
19 8 7
17 13 3
2 22 7
10 13 35
15 9 17
24 10 33
8 5 51
26 3 13
30 5 9
30 14 37
1 26 7
29 9 29
26 11 21
12 2 11
19 6 13
9 5 31
3 18 21
20 18 17
8 15 1
24 17 1
22 9 17
23 21 29
10 9 27
20 28 3
25 19 45
28 13 11
17 20 11
11 17 23
13 25 41
22 11 1
1 17 9
15 29 47
15 30 39
14 2 41
6 13 9
15 6 19
4 20 27
18 7 11
11 19 31
29 27 19
26 4 37
9 13 7
22 30 3
23 9 13
21 10 11
9 20 7
17 10 31
11 5 11
18 23 3
5 24 37
30 7 43
6 2 23
7 5 53
12 9 13
2 19 37
16 6 21
14 10 43
18 26 7
25 15 51
11 21 3
5 6 29
29 5 1
15 13 9
30 23 35
12 25 19
14 27 25
8 17 15
23 2 39
30 2 3
7 16 45
12 13 21
3 28 7
22 28 13
6 24 7
14 25 49
25 3 21
17 22 21
19 26 9
20 27 1
30 3 9
11 9 19
24 9 5
19 27 21
15 3 29
18 10 37
20 3 3
12 16 9
27 2 15
20 25 25
26 17 1
16 21 7
24 12 19
13 3 19
1 13 13
14 7 5
12 4 21
29 19 41
8 27 29
16 15 41
11 12 5
24 18 3
26 30 23
16 22 5
3 12 1
23 10 41
5 28 27
7 15 3
25 23 47
1 19 17
5 21 15
20 12 5
17 28 7
6 23 15
13 23 5
27 11 9
28 12 9
4 27 25
4 5 3
13 24 1
20 15 25
22 24 23
15 12 31
17 6 5
18 5 41
20 16 15
25 29 3
20 10 19
20 7 29
7 12 35
21 18 25
22 3 5
27 30 11
28 8 23
24 29 35
2 5 5
5 15 49
4 29 5
22 19 29
27 10 17
18 27 19
22 8 37
9 21 15
8 2 45
4 24 41
17 4 39
30 6 19
20 19 19
15 17 13
10 1 21
23 11 33
29 12 15
12 21 1
14 17 11
1 27 3
7 23 7
20 23 21
21 2 9
9 27 9
21 6 13
6 12 11
21 24 21
7 4 57
1 9 5
24 1 11
24 26 3
11 24 25
11 13 27
6 18 11
20 2 17
29 22 11
28 16 19
16 30 1
6 29 27
21 14 31
21 29 13
9 3 11
24 8 13
12 5 17
30 17 25
1 7 27
7 27 31
6 28 1
2 13 33
12 10 13
18 29 39
29 3 17
22 25 15
27 12 3
19 5 43
7 10 49
29 7 51
19 18 1
14 4 51
30 8 41
24 27 15
6 4 33
19 4 47
14 5 47
9 14 15
14 20 23
5 25 1
8 9 19
2 18 35
23 24 7
17 19 7
6 20 5
1 25 27
7 8 1
5 20 23
28 27 5
23 22 31
8 10 47
10 15 45
13 29 37
4 16 11
26 27 11
9 18 9
11 18 29
8 11 39
5 13 39
28 15 21
7 19 9
3 23 25
2 26 27
30 18 31
28 10 23
27 15 27
30 28 17
4 13 43
13 22 25
6 27 7
18 28 13
6 10 25
17 9 3
16 2 1
1 18 15
1 30 15
25 9 33
19 12 25
5 16 7
29 23 43
11 30 1
21 17 19
9 7 21
6 11 17
2 15 43
3 21 3
27 25 23
20 24 13
1 8 25
5 23 45
14 23 1
19 21 27
7 22 39
17 18 5
7 6 23
15 1 23
14 6 17
10 4 7
3 27 1
17 12 17
8 14 3
18 16 33
18 14 5
11 1 13
18 13 1
8 6 21
2 11 5
4 21 19
22 15 35
13 19 3
9 4 35
27 5 21
9 2 25
26 13 5
24 7 15
22 4 17
1 20 1
7 25 55
8 29 49
3 6 9
22 5 13
17 7 17
26 21 17
18 12 23
28 7 25
11 4 15
5 10 3
27 22 7
21 15 33
24 25 39
4 30 13
4 3 23
8 12 33
21 20 7
3 16 11
23 4 49
1 5 25
26 16 25
2 28 21
9 30 21
30 25 11
16 19 35
14 28 19
19 28 15
25 17 37
16 27 13
24 14 9
27 13 17
9 19 11
14 11 35
23 26 11
21 13 23
3 8 31
30 13 29
26 6 3
25 2 7
15 23 3
4 1 29
11 29 9
27 23 23
16 14 39
14 15 1
26 20 9
3 11 7
26 12 15
16 29 5
1 16 17
24 30 27
21 7 37
11 10 7
10 19 39
25 11 13
25 26 35
22 10 9
29 26 31
14 1 21
17 29 33
8 25 53
9 16 23
2 24 31
2 7 47
25 16 9
1 22 11
13 7 13
17 27 13
8 18 9
19 30 33
22 21 1
21 27 5
15 24 11
17 3 15
28 21 11
25 18 43
17 2 29
3 7 33
3 1 5
13 16 31
4 15 53
20 30 13
19 3 23
18 4 45
10 2 1
29 1 23
16 23 37
17 23 9
30 10 5
8 30 434 11 14
3 3 3 3 3 3 3 3
26 5 1
10 20 1
9 5 1
30 19 1
7 4 1
18 4 1
27 18 1
20 11 100
2 25 1
27 23 1
8 12 1
25 17 1
20 7 1
25 29 1
4 6 1
21 29 1
13 26 1
20 18 1
9 13 1
21 28 1
1 21 1
20 22 1
1 27 1
12 7 1
28 4 1
9 7 1
23 8 1
25 10 1
23 3 1
26 25 1
13 3 1
27 8 1
10 27 1
4 11 100
9 23 1
6 9 1
14 29 100
11 16 100
25 4 1
18 17 1
29 11 100
5 11 100
7 13 1
5 8 1
19 2 1
29 16 1
7 19 1
19 6 1
22 11 100
15 3 1
9 18 1
26 2 1
21 25 1
18 22 1
3 5 1
9 10 1
14 18 100
29 27 1
23 29 1
1 12 1
15 22 1
15 28 1
24 15 1
2 5 1
5 14 100
25 20 1
25 13 1
10 23 1
10 4 1
18 7 1
3 21 1
4 27 1
16 8 1
22 3 1
25 18 1
26 16 1
19 3 1
21 12 1
2 8 1
4 19 1
5 16 1
24 8 1
20 8 1
16 12 1
15 21 1
15 30 1
5 22 1
21 8 1
24 26 1
16 7 1
12 27 1
14 17 100
19 15 1
21 2 1
4 5 1
5 21 1
19 1 1
15 5 1
5 20 1
23 1 1
29 30 1
3 14 100
4 13 1
11 10 100
13 16 1
29 19 1
6 26 1
17 5 1
18 15 1
23 2 1
19 22 1
17 4 1
17 10 1
28 26 1
7 29 1
30 25 1
16 1 1
19 8 1
23 6 1
20 13 1
17 23 1
29 6 1
11 30 100
17 19 1
29 17 1
7 21 1
29 5 1
18 21 1
9 24 1
18 29 1
15 6 1
15 13 1
29 24 1
2 15 1
21 4 1
6 7 1
29 10 1
18 5 1
17 30 1
11 27 100
6 13 1
7 30 1
9 12 1
8 29 1
25 22 1
9 26 1
14 9 100
13 21 1
25 11 100
24 4 1
23 22 1
7 24 1
24 21 1
14 20 100
18 3 1
21 27 1
25 1 1
27 7 1
13 10 1
14 12 100
24 6 1
21 22 1
25 12 1
16 18 1
26 7 1
28 12 1
21 26 1
6 22 1
24 20 1
18 26 1
25 9 1
9 17 1
9 15 1
3 25 1
30 1 1
10 19 1
4 1 1
20 23 1
15 1 1
2 30 1
19 26 1
11 26 100
25 28 1
6 14 100
13 5 1
3 20 1
7 5 1
25 24 1
19 28 1
12 26 1
27 6 1
7 3 1
14 15 100
7 1 1
16 20 1
9 20 1
11 9 100
14 24 100
17 21 1
8 13 1
17 11 100
10 7 1
8 28 1
29 26 1
16 27 1
22 10 1
26 10 1
3 26 1
16 17 1
2 18 1
2 9 1
4 26 1
30 27 1
5 28 1
10 14 100
12 5 1
12 2 1
11 21 100
24 17 1
19 27 1
24 13 1
26 15 1
20 6 1
11 3 100
5 1 1
9 27 1
2 24 1
29 9 1
19 14 100
13 18 1
7 8 1
17 12 1
22 13 1
4 14 100
6 18 1
18 10 1
11 7 100
4 2 1
12 4 1
8 6 1
14 25 100
22 12 1
5 23 1
10 6 1
25 8 1
5 10 1
25 15 1
30 23 1
10 1 1
30 13 1
12 24 1
12 10 1
18 12 1
7 17 1
20 29 1
17 26 1
2 13 1
23 19 1
16 10 1
28 13 1
1 22 1
10 8 1
10 3 1
25 27 1
3 1 1
8 26 1
10 2 1
19 24 1
5 25 1
16 25 1
24 11 100
28 2 1
9 1 1
11 2 100
21 30 1
20 19 1
18 8 1
4 23 1
26 23 1
12 15 1
7 25 1
10 15 1
9 30 1
21 16 1
5 6 1
5 24 1
30 26 1
23 11 100
13 12 1
12 30 1
14 22 100
1 29 1
22 28 1
29 4 1
28 16 1
30 20 1
16 15 1
6 16 1
11 8 100
27 15 1
28 3 1
17 8 1
9 4 1
3 30 1
19 9 1
22 8 1
1 24 1
14 7 100
27 17 1
14 23 100
2 16 1
9 21 1
23 12 1
28 10 1
11 28 100
22 26 1
21 6 1
2 14 100
4 22 1
1 20 1
28 18 1
8 14 100
15 7 1
13 23 1
25 23 1
2 27 1
11 15 100
27 28 1
22 24 1
27 26 1
2 6 1
24 28 1
26 1 1
3 16 1
30 22 1
21 23 1
4 8 1
28 9 1
23 7 1
17 13 1
13 19 1
20 2 1
28 1 1
24 16 1
27 13 1
11 18 100
1 17 1
5 27 1
4 30 1
24 27 1
29 15 1
21 20 1
3 12 1
10 24 1
11 12 100
16 4 1
23 16 1
1 18 1
20 4 1
22 17 1
21 14 100
11 13 100
20 28 1
16 19 1
7 2 1
16 30 1
15 20 1
22 27 1
28 7 1
15 17 1
29 22 1
10 21 1
8 9 1
22 16 1
30 6 1
25 19 1
8 15 1
13 14 100
16 14 100
23 28 1
23 15 1
8 3 1
30 5 1
18 19 1
6 25 1
20 27 1
28 29 1
29 2 1
28 6 1
1 14 100
12 6 1
2 17 1
19 11 100
19 12 1
12 29 1
1 8 1
30 18 1
3 9 1
11 6 100
20 26 1
3 24 1
13 1 1
26 14 100
15 4 1
9 16 1
8 30 1
14 28 100
7 22 1
10 30 1
4 3 1
22 9 1
24 18 1
3 29 1
30 14 100
18 23 1
2 1 1
6 17 1
29 13 1
23 24 1
19 5 1
1 11 100
21 19 1
24 30 1
28 30 1
28 17 1
17 3 1
22 2 1
6 3 1
1 6 1
27 3 1
14 27 100
20 12 1
2 3 1
20 17 1
8 8 4 1 3
4 4 8 1 6 5 1 3
4 5 40
8 1 20
3 6 25
7 2 30
8 9 8 3 7
2 3 1 8 6 10 8 1
9 5 5
4 2 18
7 8 90
2 5 35
6 9 9
8 1 82
1 6 16
3 4 86
8 10 9 9 2
1 9 7 6 10 6 3 3
8 6 73
4 6 22
3 5 65
8 10 35
9 3 53
4 5 41
10 1 71
7 2 44
1 7 21
8 30 135 15 8
9 3 2 6 7 1 5 1
3 12 10
11 13 11
4 5 10
3 17 11
30 29 11
19 23 11
14 19 10
23 24 13
30 3 10
9 29 13
24 11 13
17 12 12
23 1 13
30 12 10
9 18 13
17 10 10
4 3 10
20 21 12
19 24 12
28 10 10
30 9 12
10 7 10
29 22 11
7 24 13
11 23 12
25 26 10
19 7 11
4 26 11
27 2 13
9 25 10
23 28 12
25 1 12
23 7 10
10 24 12
1 11 12
15 26 11
18 24 10
5 29 11
1 7 10
29 4 12
5 30 10
22 9 11
29 26 13
17 18 11
29 15 11
25 7 13
21 13 12
6 8 10
21 2 11
13 23 11
14 23 11
17 25 12
3 25 11
7 13 13
30 25 10
19 21 11
6 21 10
12 5 13
6 20 11
30 26 13
12 9 12
18 10 12
10 19 12
17 24 11
18 11 11
16 14 10
27 21 10
9 17 12
28 19 13
5 3 11
22 3 11
20 28 10
17 30 10
22 4 11
12 1 13
8 2 13
1 10 10
13 10 13
18 12 11
26 12 13
22 15 10
28 13 13
1 18 12
24 12 11
13 14 13
20 14 11
15 4 11
29 3 12
16 20 10
7 17 11
16 21 12
28 11 13
19 27 10
27 20 10
8 16 11
1 24 12
13 19 10
16 2 13
22 5 10
11 14 12
6 27 11
7 18 10
27 14 13
11 10 11
28 21 13
27 28 13
23 10 10
24 25 10
12 25 11
27 16 13
5 26 10
13 27 13
13 16 13
18 25 13
9 26 12
5 9 11
11 19 11
14 6 13
18 30 10
6 2 10
21 8 10
3 9 13
2 20 11
3 26 11
16 6 11
28 14 12
23 27 10
1 17 11
15 5 11
1 30 11
14 21 10
28 16 12
8 20 10
22 26 10
11 7 10
8 30 120 15 30
2 2 2 6 2 9 1 7
26 16 35
15 24 38
4 24 54
15 4 6
1 28 70
30 12 39
27 15 44
24 22 9
11 23 58
13 15 49
6 1 69
2 10 82
12 2 75
19 1 88
1 26 89
17 21 29
6 19 64
13 8 57
3 26 88
17 28 85
3 18 71
6 21 40
4 3 63
14 11 18
13 9 24
30 16 97
24 9 33
23 14 18
13 27 47
12 3 49
6 18 74
29 27 27
14 3 76
25 27 97
14 16 65
8 4 85
19 18 23
23 27 17
29 7 73
22 1 62
12 11 8
2 15 58
9 26 89
10 20 43
16 18 31
8 27 22
5 26 85
5 12 61
18 28 62
7 3 28
23 28 82
8 10 63
2 30 13
2 19 93
7 1 60
4 21 94
9 17 89
14 30 95
23 13 79
23 7 33
9 27 36
24 10 7
5 9 85
15 10 48
25 30 25
5 24 24
21 22 90
7 17 67
8 7 39
8 25 100
10 18 81
19 23 81
14 9 80
15 3 33
17 24 33
2 5 88
4 28 9
29 15 87
5 8 66
7 6 5
16 21 68
24 19 33
25 2 73
3 25 77
2 26 65
7 12 5
28 10 76
28 12 19
22 11 66
12 15 91
17 22 19
17 2 75
24 30 77
21 30 16
20 14 100
22 3 74
24 23 67
28 14 46
6 17 38
30 10 40
6 27 41
14 18 13
20 21 77
25 21 78
22 25 89
3 2 81
3 8 49
28 29 64
6 23 77
9 6 86
13 29 2
23 8 4
20 16 65
22 29 60
2 1 87
13 22 27
13 25 95
1 14 37
26 22 39
4 5 89
8 30 56 22 30
3 4 3 9 10 4 7 10
6 30 78
29 9 58
25 4 28
4 9 60
7 13 36
15 28 42
3 30 77
20 8 75
15 8 27
26 8 42
14 15 79
1 5 14
13 22 47
5 11 13
25 27 17
1 30 81
18 10 26
20 16 51
20 19 40
23 21 49
2 12 48
22 18 19
26 16 64
16 14 63
15 6 42
5 23 69
4 1 41
21 3 20
17 8 60
15 11 59
3 18 57
5 27 97
27 24 4
12 13 25
15 18 19
19 14 97
23 1 57
28 27 57
10 29 38
12 10 63
22 9 25
5 10 48
23 3 61
9 12 52
17 2 38
12 23 97
20 11 33
14 4 88
11 22 92
21 18 3
26 17 1
19 9 40
2 28 81
30 4 7
6 7 37
24 7 12
8 30 104 15 2
3 3 1 10 2 8 1 6
16 26 100
13 20 100
14 21 100
25 8 100
30 13 100
25 12 100
13 17 100
25 10 100
22 29 100
17 25 100
4 26 100
1 26 100
3 23 100
12 19 100
30 25 100
4 6 100
3 11 100
9 28 100
30 5 100
9 26 100
23 14 100
21 15 100
14 1 100
9 10 100
28 22 100
20 1 100
22 20 100
19 17 100
24 17 100
14 22 100
9 14 100
7 8 100
22 3 100
27 14 100
4 8 100
28 21 100
16 14 100
29 21 100
12 24 100
27 15 100
10 1 100
11 28 100
16 8 100
7 10 100
8 22 100
6 13 100
12 13 100
7 20 100
20 25 100
17 7 100
30 4 100
26 25 100
26 13 100
26 22 100
20 16 100
5 6 100
24 6 100
22 10 100
5 17 100
6 7 100
27 29 100
12 5 100
28 16 100
15 23 100
3 1 100
1 8 100
9 29 100
13 8 100
4 17 100
8 9 100
2 5 100
3 21 100
18 17 100
6 19 100
1 29 100
6 18 100
16 3 100
19 2 100
27 3 100
14 11 100
13 10 100
10 16 100
16 29 100
29 11 100
19 30 100
27 28 100
18 2 100
7 12 100
24 2 100
6 25 100
1 28 100
10 4 100
23 28 100
30 18 100
11 15 100
18 12 100
9 20 100
24 30 100
9 3 100
23 29 100
7 26 100
4 20 100
30 7 100
12 4 100
8 30 104 3 17
5 2 8 10 6 10 10 1
3 11 20
3 7 36
26 22 69
5 10 66
8 24 65
20 16 17
17 19 87
18 23 36
2 4 51
1 28 32
11 1 79
18 24 47
14 18 32
15 27 92
19 25 67
12 4 21
13 17 35
4 5 22
20 25 26
18 30 38
14 15 67
6 12 34
21 27 13
30 28 83
24 26 77
20 10 34
7 24 60
11 24 46
30 8 47
18 22 32
21 22 59
15 22 77
13 16 96
23 26 24
1 26 98
26 30 43
28 23 17
10 2 97
2 16 82
15 23 32
14 28 53
27 20 43
20 14 92
20 6 38
7 23 10
17 5 57
15 24 2
5 16 88
4 19 86
9 17 88
19 16 39
11 23 3
4 21 80
12 10 61
15 1 35
29 24 46
9 10 21
10 21 56
12 16 92
30 7 88
23 8 58
22 12 91
1 18 70
6 21 21
29 1 16
1 8 81
6 18 14
12 27 52
18 27 13
26 6 6
15 30 27
7 1 10
13 10 29
27 26 57
22 2 48
21 16 20
12 25 78
15 6 16
9 16 56
13 4 54
27 28 26
19 10 26
13 25 67
25 21 6
30 11 30
9 25 26
8 3 19
2 27 3
14 2 36
4 20 45
9 4 87
21 14 80
23 29 1
2 6 62
25 5 62
28 22 78
30 29 28
3 29 79
28 6 25
25 2 86
26 14 83
12 14 60
24 28 13
22 20 61
8 30 56 10 16
1 10 1 10 1 10 1 10
20 11 10
18 11 10
19 29 5
4 16 6
5 10 9
12 30 5
1 12 4
27 26 10
21 25 11
14 25 9
18 9 9
25 18 10
6 18 10
26 16 10
11 21 10
17 30 4
23 26 9
23 24 10
10 2 21
13 10 19
8 28 19
28 2 21
13 28 20
10 20 10
3 23 10
7 12 4
12 29 5
17 29 4
19 30 6
27 3 9
7 19 5
20 9 9
4 30 5
22 2 21
21 6 9
5 11 11
27 14 9
7 8 19
15 7 19
1 8 20
3 25 11
5 9 11
21 9 9
8 22 19
28 15 21
16 17 4
14 6 10
22 15 21
3 6 9
15 1 19
24 16 9
22 13 19
4 29 6
1 19 5
23 14 10
27 24 9
0 0 0 0 0
